3.552299999999999791e+00 3.484599999999999920e+00 5.439999999999999697e-02 5.689999999999999919e-02
3.554100000000000037e+00 3.479999999999999982e+00 5.439999999999999697e-02 5.689999999999999919e-02
3.559600000000000097e+00 3.481300000000000061e+00 5.439999999999999697e-02 5.689999999999999919e-02
3.572900000000000187e+00 3.483900000000000219e+00 5.439999999999999697e-02 5.519999999999999907e-02
3.560799999999999965e+00 3.478600000000000136e+00 4.760000000000000342e-02 5.430000000000000104e-02
3.553999999999999826e+00 3.478699999999999903e+00 5.439999999999999697e-02 5.689999999999999919e-02
3.554199999999999804e+00 3.478600000000000136e+00 5.439999999999999697e-02 5.689999999999999919e-02
3.552099999999999813e+00 3.479600000000000026e+00 5.439999999999999697e-02 5.519999999999999907e-02
3.556900000000000173e+00 3.478000000000000203e+00 4.760000000000000342e-02 5.430000000000000104e-02
3.560099999999999820e+00 3.478899999999999881e+00 5.439999999999999697e-02 5.779999999999999721e-02
3.555899999999999839e+00 3.477899999999999991e+00 5.439999999999999697e-02 5.689999999999999919e-02
3.556299999999999795e+00 3.477700000000000014e+00 5.439999999999999697e-02 5.519999999999999907e-02
3.553300000000000125e+00 3.478200000000000180e+00 5.439999999999999697e-02 5.779999999999999721e-02
3.553799999999999848e+00 3.478600000000000136e+00 5.439999999999999697e-02 5.519999999999999907e-02
3.558300000000000018e+00 3.477899999999999991e+00 5.439999999999999697e-02 5.779999999999999721e-02
3.556500000000000217e+00 3.477700000000000014e+00 4.760000000000000342e-02 5.340000000000000302e-02
3.553799999999999848e+00 3.477700000000000014e+00 5.439999999999999697e-02 5.779999999999999721e-02
3.554399999999999782e+00 3.477399999999999824e+00 5.439999999999999697e-02 5.779999999999999721e-02
3.554399999999999782e+00 3.477899999999999991e+00 4.760000000000000342e-02 5.430000000000000104e-02
3.554899999999999949e+00 3.477700000000000014e+00 5.439999999999999697e-02 5.779999999999999721e-02
3.553300000000000125e+00 3.477700000000000014e+00 5.439999999999999697e-02 5.779999999999999721e-02
3.553999999999999826e+00 3.477300000000000058e+00 5.439999999999999697e-02 5.779999999999999721e-02
3.554600000000000204e+00 3.477899999999999991e+00 5.439999999999999697e-02 5.519999999999999907e-02
3.555800000000000072e+00 3.477300000000000058e+00 5.439999999999999697e-02 5.779999999999999721e-02
3.554399999999999782e+00 3.477300000000000058e+00 5.439999999999999697e-02 5.689999999999999919e-02
3.554600000000000204e+00 3.477599999999999802e+00 5.439999999999999697e-02 5.779999999999999721e-02
3.556500000000000217e+00 3.477700000000000014e+00 5.439999999999999697e-02 5.519999999999999907e-02
3.555400000000000116e+00 3.477599999999999802e+00 5.439999999999999697e-02 5.779999999999999721e-02
3.555200000000000138e+00 3.477700000000000014e+00 5.439999999999999697e-02 5.779999999999999721e-02
3.556500000000000217e+00 3.477399999999999824e+00 5.439999999999999697e-02 5.779999999999999721e-02
3.752299999999999969e+00 3.742399999999999949e+00 3.330000000000000321e-02 4.580000000000000043e-02
3.748499999999999943e+00 3.737400000000000055e+00 3.330000000000000321e-02 5.229999999999999927e-02
