2.258000000000000007e+00 2.117700000000000138e+00 3.163000000000000256e-01 3.393999999999999795e-01
1.656400000000000095e+00 1.420700000000000074e+00 4.934000000000000052e-01 5.299000000000000377e-01
1.066599999999999993e+00 7.759000000000000341e-01 6.754999999999999893e-01 7.471999999999999753e-01
8.358999999999999764e-01 4.693999999999999839e-01 7.617000000000000437e-01 8.555000000000000382e-01
7.880000000000000338e-01 3.340000000000000191e-01 7.812000000000000055e-01 8.941999999999999948e-01
6.318000000000000282e-01 2.200000000000000011e-01 8.421999999999999487e-01 9.347999999999999643e-01
6.209999999999999964e-01 1.628000000000000003e-01 8.500999999999999668e-01 9.536000000000000032e-01
5.545999999999999819e-01 1.178000000000000019e-01 8.641999999999999682e-01 9.684000000000000385e-01
4.794999999999999818e-01 9.009999999999999953e-02 8.942999999999999838e-01 9.768000000000000016e-01
4.890999999999999792e-01 7.539999999999999480e-02 8.965999999999999526e-01 9.792999999999999483e-01
