2.177774673686816875e+00 1.944698329533532721e+00 3.712018141130201121e-01 3.863904135244811133e-01
1.377887049391696817e+00 9.715876594871387661e-01 6.312925169797711789e-01 6.942728238563578014e-01
9.287343204697243726e-01 4.340306104836154089e-01 7.950113380036386568e-01 8.716917153631031923e-01
6.680519166176551726e-01 2.159548381321484689e-01 8.741496602153562279e-01 9.445098996737923969e-01
6.436929022644112264e-01 1.628364031231058495e-01 8.827664397471075564e-01 9.574413058702903045e-01
6.645216814785046555e-01 1.430401216087959504e-01 8.900226758180561637e-01 9.613494641335723623e-01
7.991693727013204906e-01 1.713731081039163162e-01 8.859410429217107197e-01 9.546538694325752417e-01
6.852544909972452247e-01 1.481011643793384847e-01 8.972789118890048821e-01 9.612057818438514145e-01
6.204159234386452670e-01 7.124310167821978901e-02 9.115646259314348354e-01 9.798557429982484024e-01
5.963102950530798640e-01 6.154979734562907034e-02 9.165532880359226198e-01 9.841949481306934144e-01
8.126010114643849036e-01 6.505038791727311975e-02 9.104308388130464280e-01 9.816086669499725081e-01
7.348342860366752216e-01 4.757987164534088070e-02 9.081632653872172556e-01 9.862927095948761380e-01
8.904949623981570639e-01 5.760404871124594900e-02 9.113378688051045895e-01 9.845110491852078205e-01
7.030484396854496110e-01 5.325815010878055811e-02 9.240362809628855922e-01 9.848558866976664383e-01
7.518674622857921541e-01 3.932257093020926492e-02 9.170068027751515638e-01 9.890514095575186904e-01
9.410294061345038097e-01 2.528375595284118246e-02 9.308390025649211363e-01 9.922411563721958982e-01
7.892099224791234713e-01 1.926122427115370406e-02 9.301587304831091529e-01 9.947699646884132774e-01
7.123148263446867912e-01 3.940752114901613368e-02 9.185941046327690263e-01 9.889364636914853568e-01
1.133549312128772080e+00 4.311740147916831578e-02 9.129251703924062822e-01 9.889652001665578673e-01
9.459721639853756470e-01 3.123385008882594363e-02 9.226757367722301373e-01 9.915514813815352602e-01
1.203330095987471315e+00 4.184968087342286203e-02 8.995464856121815345e-01 9.882467887179530175e-01
7.819460766115426953e-01 4.419398644202068155e-02 9.283446709855613932e-01 9.881605793269921945e-01
8.191035285287974199e-01 2.917102622405919748e-02 9.308390020513209739e-01 9.919250553176814922e-01
1.081345748631051373e+00 3.700484537300513521e-02 9.233560093676421721e-01 9.926147303425987278e-01
9.847482913746044009e-01 2.304258931979188962e-02 9.247165535853293372e-01 9.940802896806243405e-01
9.451359750462227094e-01 1.753061512924486420e-02 9.265306120286452840e-01 9.946550188223799438e-01
9.679382456132884505e-01 2.121620109659956219e-02 9.294784581309813998e-01 9.944538636167705725e-01
1.249938770594780646e+00 6.024992905441325930e-02 9.172335603880503729e-01 9.881605793441203822e-01
9.596238236848999570e-01 3.561245853584969756e-02 9.204081635896851354e-01 9.898272939048836649e-01
8.510732029571014268e-01 2.191851008463318110e-02 9.360544220660549364e-01 9.945688094485474195e-01
1.262604494700356073e+00 1.897579836169974166e-02 9.328798189184833722e-01 9.948274375700451033e-01
1.099242807245578879e+00 2.840556570578817858e-02 9.294784581039498006e-01 9.932756688410586676e-01
1.213284032631352982e+00 6.252729312791791005e-02 9.145124714661077014e-01 9.862065002039152040e-01
1.300232021662653725e+00 8.383081919772467083e-02 9.036281179408638398e-01 9.806603638378140753e-01
9.543766024972305528e-01 1.919521647265265071e-02 9.360544215524547740e-01 9.951148021494869989e-01
1.237922022185898641e+00 1.045877091157740996e-02 9.349206349746981282e-01 9.974999281588551314e-01
1.355031598019762029e+00 2.413906028127573572e-02 9.129251698788061198e-01 9.937354521681657227e-01
1.224877446795266778e+00 1.018102611673985837e-02 9.310657596912513823e-01 9.972125635794132359e-01
7.556614487079266196e-01 2.897568667569531617e-02 9.301587299424775024e-01 9.929883042616166611e-01
9.610405244524516943e-01 2.268055558163489457e-02 9.326530610082370831e-01 9.947124917382683673e-01
1.408258133302199955e+00 2.998680691405882642e-02 9.287981862383904996e-01 9.925572573924538178e-01
1.070156430711551643e+00 1.139969291303251538e-02 9.376417233830406373e-01 9.970401448317480764e-01
1.256697794963983705e+00 3.665619120145242188e-02 9.263038551996625181e-01 9.906893876432094626e-01
1.243113603018849433e+00 3.797606169998844067e-02 9.181405893529083206e-01 9.916951636712562079e-01
9.812779218972135231e-01 3.748832111157335278e-02 9.353741500112745522e-01 9.922698928130119223e-01
1.042893465522195307e+00 2.513593599485969624e-02 9.297052152032484473e-01 9.931894594843543311e-01
9.896551178696474382e-01 2.709890153877154984e-02 9.201814059497547271e-01 9.941952354952728887e-01
1.506659652748886469e+00 7.724735741747154084e-03 9.281179138862627465e-01 9.979597114859621865e-01
1.229348425097476438e+00 1.002167805169909207e-02 9.287981862654220988e-01 9.974711917009109197e-01
1.460412805583201301e+00 2.814514618755286496e-02 9.215419504647892612e-01 9.944538636167705725e-01
1.300280051220571664e+00 1.624667179146549456e-02 9.337868483699097721e-01 9.961780510934222788e-01
1.133130892820639390e+00 8.267513805840551178e-03 9.412698413239044548e-01 9.979884479439063982e-01
1.482281947838746561e+00 3.405097304697267402e-02 9.131519275187365281e-01 9.931607230092818206e-01
9.992908910829193525e-01 3.986339165443388011e-02 9.181405896232242014e-01 9.932756688410586676e-01
1.047788794078524210e+00 1.600833824849125786e-01 9.222222222762853638e-01 9.816086669328442094e-01
1.144200421569028459e+00 4.131254163009175605e-03 9.519274379390707530e-01 9.989942239719532546e-01
1.300042425531919399e+00 5.239448331546138482e-03 9.467120184379369530e-01 9.989654875140090429e-01
1.295721462632523080e+00 1.912417695187574804e-02 9.308390025649211363e-01 9.954021667460573042e-01
1.281481594347359199e+00 6.555338254853227027e-03 9.335600907299794748e-01 9.984482312710135643e-01
1.408024251271807969e+00 1.524736961824428756e-02 9.394557823669883456e-01 9.968677260840829168e-01
1.724171200252714531e+00 3.262261744341250769e-02 9.265306125422454464e-01 9.934768240466680389e-01
1.670858433673711563e+00 1.679370534161421513e-02 9.340136057665558988e-01 9.958906865139802722e-01
1.179218530925222996e+00 2.833319980012884848e-02 9.315192741331329573e-01 9.937929250840541462e-01
1.148017153339861762e+00 6.557659760176253946e-03 9.428571431544903181e-01 9.985631771027903003e-01
1.451936504575941367e+00 4.418321337715597902e-03 9.360544215524547740e-01 9.988792781401764076e-01
2.244767537192692952e+00 1.491555159967260409e-02 9.274376420207034455e-01 9.966665708784735456e-01
1.694629697518554190e+00 2.523283623255336700e-02 9.215419501404102931e-01 9.956320583924825884e-01
1.669706603783328580e+00 5.302251119104736676e-02 9.210884356714971188e-01 9.914365355326302254e-01
1.568600625624191780e+00 1.636993881191023750e-02 9.319727891697093813e-01 9.970401448317480764e-01
1.713233002080938983e+00 9.558235812131199091e-03 9.374149660134261097e-01 9.979022386043303605e-01
1.185103177916165595e+00 3.686954228315236608e-03 9.451247165803196015e-01 9.992241156355067266e-01
1.403712872637102205e+00 7.526218144006929962e-03 9.317460315297790840e-01 9.988505416822321958e-01
1.788285346042001622e+00 1.487211188762291303e-02 9.251700678109582299e-01 9.971263542055806006e-01
1.826918260743017886e+00 7.978108020804994260e-03 9.276643988767178106e-01 9.982470760654041930e-01
1.720125634329659592e+00 1.973236142161914272e-02 9.263038546319991573e-01 9.957470042242593244e-01
1.898205532670832030e+00 1.511082400759507227e-02 9.342403628388229464e-01 9.964654156728641743e-01
1.350457175356460482e+00 6.803938196878400561e-03 9.410430839272583281e-01 9.987068593925112481e-01
1.404674584849351149e+00 6.361136481265287912e-03 9.403628120887306263e-01 9.985344406448460886e-01
2.530429391687959662e+00 1.113848353353009100e-02 9.387755099878289933e-01 9.977298198224087145e-01
2.421240215777269444e+00 3.313774264527263175e-02 9.342403631091388272e-01 9.938503980170707575e-01
1.879770353537838501e+00 6.281437966823089428e-03 9.351473923443126557e-01 9.985919135607345121e-01
1.673157138132454369e+00 2.895052796970835202e-03 9.507936508477139448e-01 9.993390614672835737e-01
1.472531539242283749e+00 2.534851411623153736e-02 9.319727891697093813e-01 9.968677260840829168e-01
1.710955864988487063e+00 4.182665812376258618e-03 9.444444442281917373e-01 9.989654875140090429e-01
2.157653151618109888e+00 3.072830981060143893e-02 9.285714283551759207e-01 9.948561740279893151e-01
1.541465714729291836e+00 2.538517885998640283e-02 9.408163265846753998e-01 9.967240437943618581e-01
1.765056174574525460e+00 2.395324668371671614e-02 9.306122449249907280e-01 9.958906865139802722e-01
1.328886204349751354e+00 7.306548997734320025e-03 9.473922902764646548e-01 9.984482312710135643e-01
2.187017900440968443e+00 7.999435131372054780e-03 9.331065757474661382e-01 9.980746573177390335e-01
1.606891800865294373e+00 1.714670024512426894e-02 9.408163268279596814e-01 9.963792062990315390e-01
1.465822726204281778e+00 2.061949445274484025e-02 9.308390020513209739e-01 9.969251989999712293e-01
1.304126184597577565e+00 1.074999460337329633e-02 9.390022678980751714e-01 9.978735021121296622e-01
1.232213617290228713e+00 7.971636728176649533e-02 9.292517004910509915e-01 9.887065720279318848e-01
2.559257020539437377e+00 5.028938088479894403e-02 9.278911562463323381e-01 9.929595678036725603e-01
3.211280049866829689e+00 8.747458524903192756e-02 9.231292514844275932e-01 9.903445501307508447e-01
2.213490177768698608e+00 9.858378269197663399e-03 9.360544220660549364e-01 9.975861375498159545e-01
1.768007421385404010e+00 1.984093131506302690e-02 9.392290249973738181e-01 9.968102531681944933e-01
2.738944155072409181e+00 5.085882667278388697e-03 9.346938773347677198e-01 9.988218052242880951e-01
2.369033616037865997e+00 1.891886884402486924e-02 9.331065759907504198e-01 9.967240438114901568e-01
3.292109775110707570e+00 2.180734749431319924e-02 9.233560093946737712e-01 9.961780510934222788e-01
