2.195100000000000051e+00 2.116400000000000059e+00 2.635000000000000120e-01 3.070999999999999841e-01
1.592799999999999994e+00 1.389199999999999990e+00 4.721000000000000196e-01 5.300000000000000266e-01
9.100000000000000311e-01 6.683999999999999941e-01 7.060999999999999499e-01 7.897999999999999465e-01
6.029999999999999805e-01 3.684000000000000052e-01 8.104000000000000092e-01 8.898000000000000353e-01
4.984999999999999987e-01 2.353999999999999981e-01 8.447000000000000064e-01 9.307999999999999607e-01
4.147000000000000131e-01 1.446999999999999953e-01 8.819000000000000172e-01 9.627000000000000002e-01
4.143000000000000016e-01 1.332000000000000128e-01 8.866000000000000547e-01 9.622000000000000552e-01
3.755999999999999894e-01 8.640000000000000457e-02 8.924999999999999600e-01 9.774000000000000465e-01
3.426000000000000156e-01 7.989999999999999880e-02 9.144999999999999796e-01 9.787000000000000144e-01
3.005999999999999783e-01 5.449999999999999983e-02 9.137999999999999456e-01 9.851999999999999647e-01
3.054000000000000048e-01 4.290000000000000063e-02 9.226999999999999647e-01 9.886000000000000343e-01
3.452000000000000068e-01 3.740000000000000269e-02 9.118000000000000549e-01 9.897000000000000242e-01
3.222999999999999754e-01 2.549999999999999836e-02 9.246999999999999664e-01 9.938000000000000167e-01
3.227999999999999758e-01 2.900000000000000147e-02 9.220000000000000417e-01 9.917000000000000259e-01
3.205999999999999961e-01 3.780000000000000027e-02 9.258999999999999453e-01 9.879000000000000004e-01
3.556000000000000272e-01 1.569999999999999868e-02 9.283000000000000140e-01 9.959999999999999964e-01
3.270000000000000129e-01 1.099999999999999936e-02 9.296999999999999709e-01 9.975000000000000533e-01
3.518000000000000016e-01 1.849999999999999908e-02 9.293000000000000149e-01 9.941999999999999726e-01
3.798000000000000265e-01 1.990000000000000102e-02 9.258999999999999453e-01 9.939999999999999947e-01
3.583999999999999964e-01 5.300000000000000024e-03 9.335999999999999854e-01 9.989000000000000101e-01
4.757000000000000117e-01 2.610000000000000167e-02 9.141000000000000236e-01 9.917000000000000259e-01
4.305999999999999828e-01 2.280000000000000082e-02 9.165999999999999703e-01 9.931999999999999718e-01
3.497999999999999998e-01 1.510000000000000057e-02 9.354000000000000092e-01 9.957000000000000295e-01
3.422000000000000042e-01 7.199999999999999803e-03 9.387999999999999678e-01 9.980999999999999872e-01
4.781000000000000250e-01 2.759999999999999953e-02 9.226999999999999647e-01 9.926000000000000378e-01
4.259000000000000008e-01 2.799999999999999972e-03 9.304000000000000048e-01 9.993999999999999551e-01
4.984999999999999987e-01 1.729999999999999941e-02 9.172000000000000153e-01 9.948000000000000176e-01
5.406999999999999584e-01 2.670000000000000151e-02 9.059000000000000385e-01 9.912999999999999590e-01
3.976999999999999980e-01 1.699999999999999905e-03 9.374000000000000110e-01 9.997000000000000330e-01
3.860000000000000098e-01 1.060000000000000005e-02 9.378999999999999559e-01 9.971999999999999753e-01
3.955000000000000182e-01 1.439999999999999961e-02 9.335999999999999854e-01 9.951999999999999735e-01
3.539999999999999813e-01 1.119999999999999989e-02 9.322000000000000286e-01 9.962999999999999634e-01
3.512000000000000122e-01 1.799999999999999951e-03 9.401000000000000467e-01 9.996000000000000441e-01
3.322999999999999843e-01 6.999999999999999929e-04 9.455999999999999961e-01 9.999000000000000110e-01
3.714999999999999969e-01 5.999999999999999474e-04 9.457999999999999741e-01 1.000000000000000000e+00
5.291000000000000147e-01 4.399999999999999745e-02 9.129000000000000448e-01 9.880999999999999783e-01
4.696000000000000174e-01 1.870000000000000134e-02 9.298999999999999488e-01 9.940999999999999837e-01
3.730999999999999872e-01 6.999999999999999929e-04 9.424000000000000155e-01 9.999000000000000110e-01
4.929000000000000048e-01 1.209999999999999964e-02 9.320000000000000506e-01 9.963999999999999524e-01
3.785999999999999921e-01 2.399999999999999790e-03 9.433000000000000274e-01 9.993999999999999551e-01
