2.529901337137027806e+00 2.450907965638746688e+00 2.530612244087011575e-01 2.758987327350508334e-01
1.762832554884238068e+00 1.625398640207985412e+00 4.312925169662553682e-01 4.646110519971918262e-01
1.197755107371444971e+00 1.050033939904209346e+00 5.875283446712018520e-01 6.371734819212447887e-01
8.355553467257492706e-01 6.314200447131108618e-01 7.344671202895322049e-01 8.074369953639164432e-01
6.107195221242450733e-01 4.493201701583668939e-01 8.199546483368560512e-01 8.740768412697016432e-01
5.328243635138686374e-01 3.287927646870455467e-01 8.446712021384379376e-01 9.031294002855381198e-01
4.477888794848167708e-01 2.602177892793317571e-01 8.784580501839687194e-01 9.313486019010951411e-01
4.250497291079994855e-01 2.092589321652103818e-01 8.829931973059431671e-01 9.394810196380408707e-01
3.469625019162149715e-01 1.817017448555138803e-01 9.124716550855138664e-01 9.491077328934786062e-01
3.285717730146416882e-01 1.465281239764033017e-01 9.154195009175342124e-01 9.552573350665315433e-01
3.109810882279662181e-01 1.296947360976101471e-01 9.185941043354216573e-01 9.633322797145934535e-01
3.303046433428247775e-01 1.161808740752171970e-01 9.188208617050360738e-01 9.703727118937927054e-01
3.282035822433138628e-01 9.339993253580204657e-02 9.281179138592311473e-01 9.731314118564353688e-01
3.215276937906433874e-01 1.051687614977755425e-01 9.244897962157148097e-01 9.666944452940642307e-01
3.297467691557747771e-01 8.152619211244639674e-02 9.344671202084374739e-01 9.772694618175274961e-01
2.991270132683842564e-01 7.059000345040811197e-02 9.369614510038812849e-01 9.809189919764400578e-01
3.190563085060271198e-01 6.281671686258931409e-02 9.374149657431103400e-01 9.839363200263239184e-01
3.204190591295290047e-01 6.669502926632783768e-02 9.328798183508200115e-01 9.820109773783194385e-01
3.136248675671294284e-01 5.597853675260276718e-02 9.344671202084374739e-01 9.854018793986061286e-01
2.823392677536897266e-01 5.266879555353395914e-02 9.419501136760322080e-01 9.860628179141942562e-01
2.901200676518502775e-01 5.273527049551929302e-02 9.455782315898644264e-01 9.857179804017356384e-01
3.352993681046967933e-01 5.052289209730865399e-02 9.446712015707746657e-01 9.889939366073737803e-01
3.338090447915925130e-01 4.140913398077462199e-02 9.496598637022939382e-01 9.897698210403800267e-01
3.301591278203760971e-01 3.988701462049402263e-02 9.451247163100037207e-01 9.894824564095533459e-01
3.152332779501570981e-01 4.420430916424537143e-02 9.426303852712756282e-01 9.884192074656181770e-01
3.293449687444163776e-01 3.806825616340252932e-02 9.428571428841744373e-01 9.908043334578580108e-01
3.477577709219082935e-01 2.879350278141694017e-02 9.462585036987080089e-01 9.928158855139515016e-01
3.188641575019375840e-01 2.992027098747443090e-02 9.498866213422243465e-01 9.927871490902638874e-01
3.435984684834404446e-01 3.062954586278762367e-02 9.417233563064176805e-01 9.913503261759258889e-01
3.107156889677858413e-01 2.676747544151849775e-02 9.453514739499341291e-01 9.935342969625563514e-01
3.433016892801336595e-01 2.448999738744793431e-02 9.478458052860095906e-01 9.943101813441779235e-01
3.704078466443518347e-01 2.881751372836856284e-02 9.374149662837419905e-01 9.915227449407193472e-01
3.805191579454340056e-01 2.524149306671945314e-02 9.421768707753308547e-01 9.936492427943331984e-01
4.111444376223211683e-01 2.496797873207767804e-02 9.394557823399567464e-01 9.931319865684659076e-01
3.050211602395354049e-01 2.327281504331205411e-02 9.492063492333807639e-01 9.941377625965127640e-01
3.226454914021654186e-01 1.816213594444419238e-02 9.492063492333807639e-01 9.957757406822035362e-01
3.294379831779570833e-01 1.859136164082832166e-02 9.455782315898644264e-01 9.957470042242593244e-01
3.510449479293931141e-01 1.925286188717749425e-02 9.467120181676211832e-01 9.949423834018218393e-01
3.769205736262457584e-01 1.611134325116898511e-02 9.444444444714760190e-01 9.960056323457570082e-01
3.593427116976303237e-01 1.913092199525865539e-02 9.512471658302272814e-01 9.952872208971522694e-01
3.359184953631186854e-01 2.013592896225904760e-02 9.505668937213836989e-01 9.952010115575761207e-01
3.357142428489499064e-01 1.510271780556185321e-02 9.494331063326794107e-01 9.966665708956017333e-01
3.544484639384038460e-01 1.580241583386203519e-02 9.478458050156937098e-01 9.960631052787737305e-01
3.217242154675005739e-01 1.544927779332802391e-02 9.489795921340821172e-01 9.966090979797134208e-01
3.172663405503815537e-01 1.879496492132128743e-02 9.444444447417918997e-01 9.953734302709847936e-01
3.372250587390123178e-01 1.568596386226110001e-02 9.512471652895955199e-01 9.964654156728641743e-01
3.817840012563329388e-01 1.395645972610319932e-02 9.501133787118388740e-01 9.969251990170995281e-01
3.577736207281921321e-01 1.314324243157710681e-02 9.480725621149923565e-01 9.970114083909321634e-01
3.635210802056351720e-01 1.246496319455867030e-02 9.489795915934504666e-01 9.967527802694343686e-01
4.073478164316034489e-01 1.117484328758823996e-02 9.426303857848757906e-01 9.974999281588551314e-01
3.846711361219012359e-01 1.655839166983132452e-02 9.473922905467805355e-01 9.954883761198898284e-01
3.641194343093842045e-01 1.045518739555717155e-02 9.505668936943520997e-01 9.972700365124298472e-01
3.436269612269066132e-01 1.140978927501128289e-02 9.507936510909982264e-01 9.971263542055806006e-01
4.277807520529310348e-01 1.313720277628527625e-02 9.458049889324473547e-01 9.966378344376576326e-01
3.496857412142548305e-01 1.547967879113784466e-02 9.503401363517691713e-01 9.958906865139802722e-01
3.618814809860285697e-01 1.255815986829868919e-02 9.467120184379369530e-01 9.968964625420270176e-01
4.480534060539301811e-01 1.166919728915490409e-02 9.428571426138585565e-01 9.973849823442065832e-01
3.721223337174542900e-01 1.204356755012744688e-02 9.460317457884617198e-01 9.968677261012111046e-01
4.229962854225889357e-01 9.889273828391118362e-03 9.419501136760322080e-01 9.976436104657043780e-01
3.995564668356966775e-01 1.201984807470502827e-02 9.521541950383693997e-01 9.968677261012111046e-01
4.394535436719453347e-01 1.080342889517062199e-02 9.462585034283921281e-01 9.972125635794132359e-01
4.271199252870347962e-01 9.719435794929799297e-03 9.412698412968728556e-01 9.978735021121296622e-01
4.500126490922741751e-01 9.981723373508576136e-03 9.387755105014290447e-01 9.974137187850226072e-01
4.399677067116544715e-01 8.093835212579567409e-03 9.460317463290934814e-01 9.980171844018506100e-01
4.156877399301853182e-01 8.045179796213219880e-03 9.464852610683225365e-01 9.981608667258281553e-01
3.924438720792869928e-01 8.459681076298773000e-03 9.464852607980066557e-01 9.979022385700738740e-01
4.242869443701508536e-01 9.656795672253392845e-03 9.453514739499341291e-01 9.974711917009109197e-01
3.974121033334407915e-01 8.355711947537449585e-03 9.480725623853082373e-01 9.979597114859621865e-01
4.060227558793935154e-01 8.068017017816416989e-03 9.496598642429256998e-01 9.979022385872020617e-01
4.067386477442285209e-01 7.153990217150131038e-03 9.507936510909982264e-01 9.984194948130693525e-01
5.173072549761558170e-01 8.871666607797829701e-03 9.462585031580762474e-01 9.979884479439063982e-01
3.921312598684748019e-01 1.192005367477052234e-02 9.482993197549227649e-01 9.970688812896921771e-01
4.668878153811236165e-01 8.466116768946574042e-03 9.442176871018614914e-01 9.981033937756832453e-01
3.994374354139747507e-01 6.049868173350981919e-03 9.478458052860095906e-01 9.985631771027903003e-01
3.712278799878226399e-01 7.806554125250339017e-03 9.492063489630649942e-01 9.981896031495157695e-01
4.399555493779733761e-01 1.050513701768941884e-02 9.433106576234034923e-01 9.972987729532457601e-01
4.320330137433378570e-01 6.989861143680779938e-03 9.444444444714760190e-01 9.987068593925112481e-01
3.595207385195085537e-01 8.264063950711006759e-03 9.528344674175288631e-01 9.983620218971809290e-01
4.929360330375143762e-01 7.360019332413023085e-03 9.469387755372357107e-01 9.980459208597948217e-01
4.614839250673782867e-01 6.204262810662017000e-03 9.433106573530876116e-01 9.985057041869018768e-01
4.904146338401197402e-01 7.752149185259593969e-03 9.405895691880292731e-01 9.978735021121296622e-01
5.110398339170988402e-01 6.973594562314996276e-03 9.430839002537889648e-01 9.983045489812926165e-01
4.379487879287088381e-01 7.140133236927906878e-03 9.517006802991404557e-01 9.984482312710135643e-01
4.083336977596456197e-01 6.611807481117469576e-03 9.467120181676211832e-01 9.984194948130693525e-01
4.733320146799087635e-01 6.243119214743394173e-03 9.451247168506353713e-01 9.985057041869018768e-01
4.284881882453991930e-01 6.001597020641452097e-03 9.482993200252386456e-01 9.985919135607345121e-01
4.384653052640339888e-01 5.785740125080808711e-03 9.505668931807520483e-01 9.988792781401764076e-01
4.497506205862611961e-01 7.992551364919367810e-03 9.460317460587776006e-01 9.981896031495157695e-01
4.486780565477012095e-01 8.097529577874901588e-03 9.471655329068501272e-01 9.981321302336274570e-01
4.246830184578625489e-01 5.241326702062673766e-03 9.492063492333807639e-01 9.992528520934509384e-01
4.843944163414355963e-01 5.205006029977539417e-03 9.473922902764646548e-01 9.986493864766229356e-01
4.048811242558788548e-01 7.759952334430832502e-03 9.510204079199809923e-01 9.983620218971809290e-01
3.779091065500328472e-01 6.196277236296230881e-03 9.487528344941518199e-01 9.987355958504554598e-01
3.902064905246369064e-01 8.309173265685034296e-03 9.480725621149923565e-01 9.980746573177390335e-01
4.339055457082735545e-01 6.300641633404665577e-03 9.496598639726098190e-01 9.983332854392367173e-01
4.350215389277118927e-01 5.644000033497487481e-03 9.505668934510678181e-01 9.987643323083996716e-01
4.164671244399618111e-01 6.225473859312129730e-03 9.510204081902968731e-01 9.987355958504554598e-01
4.656723055169155190e-01 7.422192240643286747e-03 9.476190476460791823e-01 9.981608667258281553e-01
4.267521914981660114e-01 5.402801277632411463e-03 9.469387755372357107e-01 9.986781229516953351e-01
4.624148019519793151e-01 4.882959424048767538e-03 9.510204079199809923e-01 9.989080145981206194e-01
