2.145599999999999952e+00 2.052500000000000213e+00 2.948000000000000065e-01 3.225999999999999979e-01
1.600500000000000034e+00 1.312999999999999945e+00 5.000000000000000000e-01 5.570000000000000506e-01
1.012399999999999967e+00 6.696999999999999620e-01 7.110999999999999543e-01 7.877999999999999448e-01
7.764999999999999680e-01 3.865999999999999992e-01 7.921000000000000263e-01 8.821999999999999842e-01
6.238000000000000211e-01 2.215000000000000024e-01 8.441999999999999504e-01 9.360000000000000542e-01
5.252000000000000002e-01 1.391999999999999904e-01 8.796000000000000485e-01 9.624000000000000332e-01
5.914000000000000368e-01 1.381000000000000005e-01 8.544000000000000483e-01 9.572000000000000508e-01
4.869999999999999885e-01 8.010000000000000453e-02 8.951999999999999957e-01 9.771999999999999575e-01
4.696000000000000174e-01 6.930000000000000049e-02 9.079000000000000403e-01 9.802999999999999492e-01
4.568999999999999728e-01 5.999999999999999778e-02 9.076999999999999513e-01 9.816000000000000281e-01
4.793999999999999928e-01 4.019999999999999962e-02 9.082000000000000073e-01 9.893999999999999462e-01
4.798999999999999932e-01 4.639999999999999680e-02 9.135999999999999677e-01 9.861999999999999655e-01
5.175999999999999490e-01 3.090000000000000038e-02 9.052000000000000046e-01 9.912999999999999590e-01
4.561999999999999944e-01 2.149999999999999828e-02 9.172000000000000153e-01 9.941999999999999726e-01
4.712999999999999967e-01 3.939999999999999752e-02 9.137999999999999456e-01 9.875000000000000444e-01
4.787000000000000144e-01 2.139999999999999888e-02 9.193000000000000060e-01 9.935000000000000497e-01
4.852000000000000202e-01 2.259999999999999856e-02 9.200000000000000400e-01 9.929999999999999938e-01
4.979999999999999982e-01 1.660000000000000017e-02 9.272000000000000242e-01 9.952999999999999625e-01
5.266999999999999460e-01 1.710000000000000062e-02 9.267999999999999572e-01 9.948000000000000176e-01
4.837000000000000188e-01 1.250000000000000069e-02 9.290000000000000480e-01 9.969000000000000083e-01
5.397999999999999465e-01 2.469999999999999973e-02 9.255999999999999783e-01 9.918000000000000149e-01
5.032999999999999696e-01 1.980000000000000163e-02 9.276999999999999691e-01 9.931999999999999718e-01
4.961999999999999744e-01 2.160000000000000114e-02 9.314999999999999947e-01 9.929999999999999938e-01
5.177000000000000490e-01 1.679999999999999896e-02 9.305999999999999828e-01 9.948000000000000176e-01
5.425999999999999712e-01 7.300000000000000065e-03 9.344999999999999973e-01 9.980999999999999872e-01
4.687000000000000055e-01 2.500000000000000052e-03 9.409999999999999476e-01 9.993999999999999551e-01
5.592000000000000304e-01 1.569999999999999868e-02 9.270000000000000462e-01 9.950999999999999845e-01
5.606999999999999762e-01 6.100000000000000387e-03 9.270000000000000462e-01 9.981999999999999762e-01
5.524999999999999911e-01 2.200000000000000133e-03 9.340000000000000524e-01 9.996000000000000441e-01
5.314999999999999725e-01 5.999999999999999474e-04 9.409999999999999476e-01 1.000000000000000000e+00
5.352000000000000091e-01 2.999999999999999737e-04 9.415000000000000036e-01 1.000000000000000000e+00
5.456999999999999629e-01 2.000000000000000096e-04 9.424000000000000155e-01 1.000000000000000000e+00
5.610000000000000542e-01 2.000000000000000096e-04 9.433000000000000274e-01 1.000000000000000000e+00
5.643000000000000238e-01 1.000000000000000048e-04 9.446999999999999842e-01 1.000000000000000000e+00
4.882000000000000228e-01 4.220000000000000140e-02 9.270000000000000462e-01 9.871999999999999664e-01
4.469000000000000195e-01 1.299999999999999940e-02 9.314999999999999947e-01 9.957000000000000295e-01
4.373000000000000220e-01 3.299999999999999982e-03 9.396999999999999797e-01 9.989999999999999991e-01
4.747999999999999998e-01 1.100000000000000066e-03 9.437999999999999723e-01 9.998000000000000220e-01
4.742999999999999994e-01 6.999999999999999929e-04 9.433000000000000274e-01 9.999000000000000110e-01
5.352999999999999980e-01 2.999999999999999737e-04 9.407999999999999696e-01 1.000000000000000000e+00
5.093999999999999639e-01 2.000000000000000096e-04 9.442000000000000393e-01 1.000000000000000000e+00
5.231999999999999984e-01 1.000000000000000048e-04 9.448999999999999622e-01 1.000000000000000000e+00
5.268000000000000460e-01 1.000000000000000048e-04 9.451000000000000512e-01 1.000000000000000000e+00
5.377999999999999448e-01 1.000000000000000048e-04 9.455999999999999961e-01 1.000000000000000000e+00
5.547999999999999599e-01 1.000000000000000048e-04 9.444000000000000172e-01 1.000000000000000000e+00
5.565999999999999837e-01 1.000000000000000048e-04 9.457999999999999741e-01 1.000000000000000000e+00
5.622000000000000330e-01 0.000000000000000000e+00 9.454000000000000181e-01 1.000000000000000000e+00
5.759999999999999565e-01 0.000000000000000000e+00 9.454000000000000181e-01 1.000000000000000000e+00
5.776000000000000023e-01 0.000000000000000000e+00 9.454000000000000181e-01 1.000000000000000000e+00
5.897000000000000020e-01 0.000000000000000000e+00 9.454000000000000181e-01 1.000000000000000000e+00
5.977000000000000091e-01 0.000000000000000000e+00 9.451000000000000512e-01 1.000000000000000000e+00
6.056000000000000272e-01 0.000000000000000000e+00 9.455999999999999961e-01 1.000000000000000000e+00
6.155000000000000471e-01 0.000000000000000000e+00 9.454000000000000181e-01 1.000000000000000000e+00
6.188000000000000167e-01 0.000000000000000000e+00 9.451000000000000512e-01 1.000000000000000000e+00
6.243999999999999551e-01 0.000000000000000000e+00 9.459999999999999520e-01 1.000000000000000000e+00
6.347000000000000419e-01 0.000000000000000000e+00 9.444000000000000172e-01 1.000000000000000000e+00
6.444999999999999618e-01 0.000000000000000000e+00 9.451000000000000512e-01 1.000000000000000000e+00
6.513999999999999790e-01 0.000000000000000000e+00 9.465000000000000080e-01 1.000000000000000000e+00
6.560000000000000275e-01 0.000000000000000000e+00 9.454000000000000181e-01 1.000000000000000000e+00
6.624999999999999778e-01 0.000000000000000000e+00 9.459999999999999520e-01 1.000000000000000000e+00
6.662000000000000144e-01 0.000000000000000000e+00 9.455999999999999961e-01 1.000000000000000000e+00
6.745999999999999774e-01 0.000000000000000000e+00 9.455999999999999961e-01 1.000000000000000000e+00
6.885000000000000009e-01 0.000000000000000000e+00 9.454000000000000181e-01 1.000000000000000000e+00
7.018999999999999684e-01 0.000000000000000000e+00 9.463000000000000300e-01 1.000000000000000000e+00
7.060999999999999499e-01 0.000000000000000000e+00 9.448999999999999622e-01 1.000000000000000000e+00
7.163000000000000478e-01 0.000000000000000000e+00 9.448999999999999622e-01 1.000000000000000000e+00
7.208999999999999853e-01 0.000000000000000000e+00 9.459999999999999520e-01 1.000000000000000000e+00
7.213000000000000522e-01 0.000000000000000000e+00 9.459999999999999520e-01 1.000000000000000000e+00
7.302999999999999492e-01 0.000000000000000000e+00 9.451000000000000512e-01 1.000000000000000000e+00
7.561999999999999833e-01 0.000000000000000000e+00 9.446999999999999842e-01 1.000000000000000000e+00
7.551999999999999824e-01 0.000000000000000000e+00 9.455999999999999961e-01 1.000000000000000000e+00
7.662999999999999812e-01 0.000000000000000000e+00 9.446999999999999842e-01 1.000000000000000000e+00
7.820000000000000284e-01 0.000000000000000000e+00 9.442000000000000393e-01 1.000000000000000000e+00
7.637000000000000455e-01 0.000000000000000000e+00 9.457999999999999741e-01 1.000000000000000000e+00
4.968000000000000194e-01 9.599999999999999159e-03 9.320000000000000506e-01 9.969999999999999973e-01
5.159000000000000252e-01 4.799999999999999580e-03 9.357999999999999652e-01 9.983999999999999542e-01
4.806000000000000272e-01 1.239999999999999956e-02 9.392000000000000348e-01 9.968000000000000194e-01
4.447999999999999732e-01 3.799999999999999992e-03 9.454000000000000181e-01 9.986000000000000432e-01
5.278000000000000469e-01 3.000000000000000062e-03 9.428999999999999604e-01 9.991999999999999771e-01
4.334000000000000075e-01 1.379999999999999977e-02 9.448999999999999622e-01 9.955000000000000515e-01
6.102999999999999536e-01 3.599999999999999901e-03 9.433000000000000274e-01 9.987000000000000322e-01
5.852000000000000535e-01 2.299999999999999961e-03 9.451000000000000512e-01 9.995000000000000551e-01
5.110000000000000098e-01 5.000000000000000104e-04 9.498999999999999666e-01 1.000000000000000000e+00
4.575000000000000178e-01 1.000000000000000048e-04 9.546000000000000041e-01 1.000000000000000000e+00
4.702000000000000068e-01 1.000000000000000048e-04 9.544000000000000261e-01 1.000000000000000000e+00
4.850999999999999757e-01 1.000000000000000048e-04 9.536999999999999922e-01 1.000000000000000000e+00
4.995999999999999885e-01 0.000000000000000000e+00 9.533000000000000362e-01 1.000000000000000000e+00
5.130000000000000115e-01 0.000000000000000000e+00 9.533000000000000362e-01 1.000000000000000000e+00
5.253999999999999782e-01 0.000000000000000000e+00 9.536999999999999922e-01 1.000000000000000000e+00
5.372000000000000108e-01 0.000000000000000000e+00 9.535000000000000142e-01 1.000000000000000000e+00
5.467999999999999527e-01 0.000000000000000000e+00 9.536999999999999922e-01 1.000000000000000000e+00
5.553000000000000158e-01 0.000000000000000000e+00 9.536999999999999922e-01 1.000000000000000000e+00
5.607999999999999652e-01 0.000000000000000000e+00 9.539999999999999591e-01 1.000000000000000000e+00
5.741000000000000547e-01 0.000000000000000000e+00 9.539999999999999591e-01 1.000000000000000000e+00
5.824000000000000288e-01 0.000000000000000000e+00 9.535000000000000142e-01 1.000000000000000000e+00
5.914000000000000368e-01 0.000000000000000000e+00 9.535000000000000142e-01 1.000000000000000000e+00
5.997000000000000108e-01 0.000000000000000000e+00 9.530999999999999472e-01 1.000000000000000000e+00
6.118999999999999995e-01 0.000000000000000000e+00 9.533000000000000362e-01 1.000000000000000000e+00
6.150999999999999801e-01 0.000000000000000000e+00 9.527999999999999803e-01 1.000000000000000000e+00
6.259000000000000119e-01 0.000000000000000000e+00 9.527999999999999803e-01 1.000000000000000000e+00
